30.63633523808,48.6526759861764,48.2272746171197
26.1174566900229,48.8054403639768,49.1000518782049
25.9697868046994,57.5795592777543,46.5111713979055
25.3600917673925,89.6728228557453,39.122390847984
24.6201684613509,91.3251084948816,38.8350969897324
21.2002418665949,97.6314339730831,38.3234268368088
20.4078566077071,91.200613567828,37.8401778700443
17.0169919959792,67.5203925189525,36.9931962587843
17.0560159847394,65.747499214576,35.7169860450952
17.1562593487533,59.0944189730938,32.9227915213019
17.1339817413225,59.4333209011354,32.9998112714667
17.5677508722331,60.730508427527,33.9796139888604
18.9863018843451,58.9089255406654,33.6864612735079
25.5620340802396,51.9655024963974,33.2178825069917
26.5248293752048,54.5545907485239,34.0274543133854
30.835069243816,64.1593335062043,36.7735248011384
32.8164869557027,62.7770886284084,38.8239794222793
42.0404858254773,57.4976294403218,44.9331936607684
41.9433134945488,56.7433237357062,49.2395992482924
42.1407203646978,54.0573081125607,61.8373759416149
42.196232001565,53.1655912505751,61.9957923710825
43.374445180479,49.8363836832152,62.1874073291788
44.1911249052545,49.2718021533459,61.3370940629894
50.0917110975631,47.1844962164336,58.5041089951608
48.8799120788998,45.3975260485061,56.9096814591818
46.389271903942,38.8331141143234,51.5251007309554
43.7984430902542,39.6940928026272,49.6714558128972
34.3479938462669,42.8781453592873,43.9498345085167
35.5713597371497,43.2088205098913,42.6142005109693
40.249127974966,44.4812960496872,38.3747055905346
41.3839858003873,44.0606884188836,38.0919184771455
45.5218708352359,42.7137200940362,37.2402181207335
46.7115407723922,44.0395924165258,37.4295483948064
52.067146277613,49.0258851029368,38.0170635366349
51.2365943675753,49.5945262362947,39.0308263796744
48.3121800085377,52.0304668491316,42.1659977117643
48.3252221276324,52.3320968377014,43.7752909325868
48.515105444482,53.2965207072429,48.8851013382226
49.1707584077926,51.334793443622,51.4782625111986
52.1797781418149,43.5302981460859,59.6605624891642
53.3416349705564,42.8219678920899,59.8129454203724
58.6899193111019,40.2125221701562,60.0209659901719
57.4668936422008,40.5299335467906,59.2691769978626
51.5135976967389,42.0225227884443,56.789567607719
51.3592482922296,40.8094410191725,54.6819968665387
50.7061436209522,36.3978791606614,48.0326387561409
50.7469001641163,36.0737222731083,46.1896826920809
51.0370590226443,34.8859002276623,40.419802141316
49.4087493069247,34.7866896886325,39.7867392350205
41.4867537436657,34.3688421296614,37.7370626316414
40.6305790485668,32.9340857684528,37.9527708826558
36.4214506540565,27.552514541893,38.4444572789391
35.9775238844023,26.8766027080294,38.7971374323605
33.8334487060462,24.4223896702407,39.7260863641015
33.3981047855618,25.1406754495679,38.3214330177631
31.2173580922197,27.6617966162869,34.0292326537983
30.9083827994626,27.7040732105169,34.5089885277637
29.4593902409972,27.9233227331499,35.8825893777686
29.1930267921836,27.6416934419658,37.0282883443457
27.9772796377964,26.4969272138157,40.4569141847016
29.0261691708705,26.939316416269,40.8346810304214
34.3697383475467,28.5950245759457,41.9138334812581
34.5828469115227,28.1752518804851,43.5264026560654
35.3280561399378,26.5114441098757,48.3664820923846
39.3376589093448,25.4617167583102,50.9024655898385
58.3571051258186,21.7899290114573,58.546871547065
58.9127571562252,23.1265333511847,61.3317560728401
61.4214229163919,28.3119095446798,69.8027829204418
65.3713007751563,29.0804090049387,72.9590753116045
83.680526770041,31.8389845326743,82.5844152357566
79.8534941234667,31.9490717238498,83.9303909623714
62.0195072617176,32.2148606677091,88.3353997778388
62.9869120465298,33.508747509055,84.1989652768025
66.1011443149192,37.9250057335121,71.6422980504739
64.4486206759952,37.7920519885094,70.3593773581846
56.8694617026024,37.154913995796,66.1280342224984
56.9293373760107,36.4876830074087,63.4987493953029
57.1395094721107,33.9920529970287,55.2677611976804
56.7546095872246,33.6268816679369,55.5625007844977
55.0074756547153,32.5776886247548,56.3745322086127
55.8533886559773,31.8319679706952,54.6165965219485
59.8850352651705,29.1428251175634,49.5246302906254
61.2917083266978,29.7961193928904,49.053233370428
67.7573642908726,32.2979054807336,47.7294463107186
70.2173590682906,36.8659807269286,50.744939354001
81.9744538698618,53.7598437766745,60.0877011722608
82.5730760029436,51.8324575128695,62.146391101212
85.8184443307543,44.9231248287855,68.509614428999
83.4470934906815,44.6286754945666,71.3455644903992
72.3550265827508,43.6955980661552,79.9607375746508
71.5616136929149,42.6492601798653,77.0097422904011
67.8559378862875,38.9259938757341,67.8065398641848
66.7905000409735,38.0017803556765,66.0645738104622
61.9316438356956,34.7551377604448,60.7545813173564
61.7969639949101,34.0839979044622,59.232406234681
61.0213436998959,31.2895782171828,54.4700062646747
59.5118205470938,31.3814953766276,53.372361339831
52.3870308757148,31.3339617245934,49.8624572122291
51.1278379414459,30.5320701891592,50.5701109079161
45.2180356247977,27.7379050422943,53.2718685440758
45.0848424825137,27.6196596915844,54.9482854319683
44.2005563358964,26.7748146240765,59.7941864652558
44.046679117897,26.1910686438209,57.8129426160736
43.2171139073336,23.9925652129046,51.6976969158243
41.4840062749019,23.2325910105435,53.5245124427168
33.6881567479398,20.370573417715,58.7007084758905
34.3099324297004,19.6554739680924,57.3950003452823
37.1502759391599,17.1377953421369,53.1314349393841
38.55477062667,16.5239960911051,52.0818837570537
45.0131717557841,14.2678608639581,48.781897674106
46.565394882299,15.4060602135788,49.2651120668543
49.111271662395,19.4879851047891,50.712356503175
52.0725622829972,20.1426630082544,52.7281797754588
61.2777908620021,22.7837181343142,58.4821703926701
66.3835347020511,26.1803467738393,61.6934364992078
86.1266381951327,37.999386404779,71.6639585243374
87.5768846214929,36.9406021026472,74.1054306479757
93.8631182348413,32.5052060780582,81.9720747775608
91.9014208494522,36.0402465735429,81.8577574663314
82.5756431561605,48.5260263752432,81.3185001971032
79.2666700695752,51.279747207786,75.3389546490923
63.2707531136855,60.8361531803531,57.094413713831
59.2536617993866,55.7551484457848,52.7321863522985
40.3940410033388,41.3880909542295,39.2790848119278
40.3054955545839,36.583792283516,37.1250381020341
39.8995274941661,33.9076298529603,30.376463154159
39.8231338595209,34.3647030391071,29.3358642969438
39.5341638865943,36.0373415535908,25.9397372121959
38.6149641156052,36.320240624601,26.7773937050718
34.2891306312672,37.503552137236,29.0993192259148
35.742897380586,37.8078127965,30.373852302723
42.2744991681151,38.8034916129964,34.2506942649528
46.3168177742717,42.5704133042163,37.662190338266
65.1064006140991,55.9387031008026,48.4573928268342
65.2354843145926,56.9074310329201,51.6727242364834
66.0199926373148,60.4502214272852,61.5503934698583
65.554259501319,57.7534392102516,61.2391775756956
63.3674843074524,47.9527541062891,60.0341339865959
62.0298410237238,46.1512479420553,60.8726379776986
55.5706625662342,39.6898551592544,63.2186927649342
55.3187473398688,38.0174218364473,62.1404669412972
54.0766813498855,31.9828290704596,58.6831097543825
53.1398093975772,34.8601605408265,57.5426573243135
48.7636291354455,45.0929056460996,53.9113411712932
47.1781155397075,42.7229396113039,52.7425033590638
44.3235670969017,34.1350282101253,48.8971717444472
44.8567657124216,34.3325859580644,48.1643089397351
47.5004799019115,35.0579403290732,45.8009556141079
45.3181033771135,35.7197862043778,46.3022076373376
35.2254431591181,37.9958522846779,47.979437831853
37.6147492427426,38.8943468348221,47.0281334886483
48.5708288682546,42.2144290411269,43.9415048010639
47.4384761810941,40.2463530233401,43.1098807405172
42.0380822154797,32.9641571549228,40.403631020013
41.2523172579202,30.9491496385227,40.5638187901027
37.5367153090332,23.8139381569819,41.2361766016374
37.5331684712822,26.4878506325281,40.3844457574694
37.6731322996949,36.2815175064452,37.7057473756362
39.7567060269936,39.3576240845175,38.3736588673301
49.5684757527258,50.473182881741,40.2837821813379
51.1726922031289,50.7672779733861,40.3126568771981
58.6086766644803,51.7912854202046,40.2431259839628
59.9538906699988,55.8061957452833,41.4701022849285
66.1118797217694,70.5710610922859,45.2152772182591
64.6608393528134,70.8898318587285,47.6281106481754
57.8764004654559,72.6849339384281,54.8928792160143
56.5303705443808,70.2256534469646,52.1800726982353
50.5642319988383,60.7970001557934,43.9660849775863
48.8471626356769,63.4918499118961,43.0773321815475
40.8203780978872,73.7407102069811,40.4211746031503
40.0780192165817,70.3580202739661,39.591413042526
36.5547230952452,57.8453491479628,37.1260453997487
35.0206666422493,55.2377215714917,35.4600789191685
27.7829793389367,45.5335355758318,30.259645946143
28.2301694843892,45.1050835609843,29.5447012426522
30.2542574884694,43.5038603731193,27.1618162189476
30.94800771102,42.7098139089981,27.0158306427409
34.0559092773873,39.761466524906,26.6469161803841
37.425659762965,41.6977788547279,26.0435390883776
52.6424034964759,48.4294282495988,24.465257836934
52.8613384499913,48.779973187357,26.5774732715064
54.1880742637782,50.0607115477464,33.327595118914
55.5137942052338,47.1549008104352,34.7980702902683
61.3738063586409,36.6758253432477,38.9310103577628
60.7336523986044,36.9511502162898,41.3126330061286
57.8711969837584,38.0499101217435,48.3683894342535
57.3920927217819,38.920905415908,48.4213983590685
54.9610815829388,41.8357829144764,48.3490251787146
54.2158011510293,41.0726705123439,47.6812800534332
50.5394845639388,38.4623365929755,45.5645446341941
49.3863000778185,37.4574660603365,44.2923795175425
44.2897973254609,33.771274484011,40.4576009761317
45.3334816778557,32.402998864018,39.5965176235092
50.3743383017158,27.1738220867409,36.9182045180003
49.252913558059,26.0066918548111,36.6616530097188
43.9854911709416,21.4823151529778,35.7797741522682
44.1566334825444,20.7473604335686,35.8415472001944
44.8711032615194,18.0695465656478,35.9063727776678
44.7586972314481,18.3589822554384,36.4692184102319
44.4345206931915,19.2936695474126,38.1783840416672
44.1836301292107,21.3517694959069,36.4347447897881
42.9321138808338,28.4446074690019,31.0264653203279
41.6915117762922,27.2641599999403,30.6878475437333
35.9307920737948,22.8962834072698,29.6966282349285
37.4446862891984,23.2788133122455,30.4346888720177
44.5007721270322,24.8222366685536,32.6053983520054
44.1560908181918,24.4918777440344,32.0742378010906
42.4417910899344,23.2438056176676,30.4439952013898
43.1448625640813,22.401632647383,30.1251267144637
46.5758846058712,19.8273391573457,29.1374819305456
46.8808304026734,23.8312048631641,30.8537024477917
48.4651862441283,38.5290970086692,36.1193678603518
50.046556346028,36.9145893144914,37.2654454995796
57.2701050134076,31.3603157548106,40.7942150565556
55.552242694964,30.9535151591725,41.6354088168206
47.3369883642253,29.1068534050914,44.2656528902955
47.3400753844959,29.9296931476496,43.7601558607473
47.1501847539875,32.8848472198399,42.257913594171
46.3189069064918,34.4830275664227,41.3531681787237
42.6894615272718,40.488118779972,38.6120515663189
41.5787541770058,40.9582840859784,38.0304282290825
36.2674966629856,42.8561027824623,36.435164454186
35.8950989180601,42.0175745702784,37.4494641320044
34.037900067489,39.0277807718389,40.3977250838796
33.8703379449724,37.5337275390798,40.8327685334302
33.0853832116299,32.2573195805576,42.0114960139653
34.4170799470914,31.5931632190751,41.1747928565695
40.5476585968259,29.3292211941557,38.6386392869349
42.5904473540286,30.2522387891938,39.9276774400765
52.1617147730352,33.68206925329,44.0280587896919
52.3077255186654,33.7556739668524,43.5021440881629
53.0943482331435,33.8689032175871,41.886970607562
52.391274472611,32.0617211070148,41.8711441132529
49.0012321797192,25.5079713712446,41.6326511220182
49.6099170576637,26.6181549502165,42.0140432619079
52.391638573694,30.6891711552824,43.1187767289205
52.1989095904778,29.9213425780918,42.8619458277753
51.1172575028199,26.9798908544108,42.0706569864451
52.4925774864309,26.4100995709874,41.2970118432851
58.6547205018751,24.4950966311544,38.8132797763032
57.5280999284604,24.9980850250647,39.8325134589116
52.1675868123814,26.7564168282251,43.2354700581184
50.2559603394117,25.979666725082,43.7718806023187
41.592370312237,23.2645035592227,45.1065137069458
40.5458817502882,23.204705278562,42.5536849376173
35.7148873425219,22.9520054608887,34.6258058820178
36.0519126231404,22.3500459697523,33.9322504101991
37.6138905809175,20.2120913927144,31.7897354150722
37.0209908952656,19.7188865975195,32.3056138983864
34.3104022740259,17.7694876318364,34.0636415352085
34.0464943210046,17.8429617590981,34.148642410947
32.886023376681,18.1863631907132,34.27320757801
33.8174028276012,18.5863659249574,34.5189657520713
37.8158660470188,20.0545477801458,35.0742389104576
37.7257955632223,19.5670477948044,36.9630893626505
37.1321763609365,17.7036364377584,42.4872642482232
37.481519124362,21.1199576262347,45.838433060854
39.1893610115869,33.6159424121373,55.6859442444205
39.1783251199331,35.3336033258176,55.2972102963192
39.2656872464375,41.4086405571726,54.07141240682
39.4877541289715,41.9513096283482,56.9660534111143
40.3691400119228,44.0402991552676,51.3877526060252
40.0574893828544,44.7911697726043,51.4302106804746
38.4891082620313,47.6424899271044,50.46221333605
37.8540400317607,48.0709612907954,50.2637794659201
35.0500243051009,49.7862134589405,49.6191097155752
34.2081489304583,50.9819178965734,47.7822127898656
30.4015892728917,55.2959981418042,42.044835427544
30.2234281483981,55.8321456719248,42.5770130372052
29.5694398017602,57.8458284722215,43.8694141231778
29.8623035255602,58.2859878970472,42.9613385540334
31.1385382525091,59.910128350349,40.0413188483376
31.4801920599297,60.9021373538611,39.5001239835324
32.9724246976302,64.5472018803727,37.8544422397673
35.3473330795178,65.642791393877,38.2053265555614
46.2561175099434,69.9784716342977,39.4085708427567
46.5589859555515,70.4316358350617,39.780065695266
47.9234794541767,72.3375501345353,41.8530268383193
47.0812495263252,76.1251722912418,42.3125216344279
43.1346934466575,90.1397601256715,40.9304903292467
42.5291943987242,88.0863681712338,41.388777723093
39.7041557719928,80.230810985898,42.3144376963853
39.6865859215001,83.4251368780689,42.5676694663095
39.6582179334915,95.4215198824836,42.8810205429462
39.0758778543578,90.6645493400971,44.8349617258901
36.3292518394256,73.3318451019898,50.4296566001654
35.5301272824127,74.073354507741,50.2500704383233
31.8461628766657,77.0132910788108,49.7449236720719
31.1310101530675,77.1846242141795,48.8597340949151
27.7085365115033,77.8854020653094,46.3827052938951
27.2967563901699,70.9944741223945,46.0175169861992
25.4033196612062,45.994079593263,44.9516684421927
25.2229733267654,47.5356481806534,44.2144729087537
24.3062295366269,53.1529782088192,41.9767271134426
23.6954347967157,55.7589591819649,40.7052340718175
20.7581707490784,65.0139230671419,36.896571749553
20.5439969135855,62.6462260429839,36.5030943422912
19.6374820436103,54.3762750658581,35.3171675596209
19.3133248129362,51.4887852116981,34.8688499732413
18.5433465805697,41.1588293025446,33.4839259643914
18.5746391609747,38.5707829730014,34.3644551635889
19.0371802237987,28.9018732381801,37.0229056729153
19.6766477630696,28.1781208617179,41.2815554525221
22.6251513895241,25.6740976060939,53.5124528258693
24.7841034947559,27.9684214657324,54.8142911034398
34.4924648851261,36.1456885833194,58.8839684974488
35.8760861898823,37.2737806034656,57.8970207090144
41.9162084924551,41.5024467956099,54.8905052972022
40.4967808010231,43.2552116032991,55.4944583448605
36.7529093445053,49.5427343024424,57.8830889440674
36.7399069450113,49.4320552833908,59.2856019297619
36.8126242465411,49.592947259727,63.2022815922637
36.26922637391,51.71046905723,59.5807151424192
33.8597328763018,59.7198167092132,51.2272509105824
32.3722110882216,59.7050460070156,49.7668384419486
29.590099065969,59.6985273738559,45.6034427790203
29.1522420892213,60.1841175719402,44.5515322223922
27.2523183154435,61.3496236276621,42.2869803214405
26.7805115845072,62.3617672892933,41.1017947356961
24.6205908536281,66.1974354152996,39.5139033634853
28.2552688075021,65.5742262678373,38.0685106562038
44.4368485426463,63.3324178020865,36.1729258264563
46.4466582792128,63.6890763275691,36.578569095156
55.6188683915689,65.2154573128433,37.6937288911852
55.3676669214605,63.2159608510952,38.0057240717906
54.3055139530414,55.8044415683141,38.8995479411117
54.3130325161594,54.9772619510504,41.3458178078475
54.3499723426586,51.910028674899,48.6397611852083
53.7513650029145,52.8732821601242,50.2851227302201
51.3015268918677,56.55373003579,55.0170092768427
49.4981462106062,55.6921354630188,55.9940955640894
40.9458615844676,52.5220482690833,59.0056999209425
39.8675810022258,53.3437701978934,57.3484998051782
34.9311703359097,56.1482448786028,52.3979977191361
34.379902019723,53.4858020118329,53.197005786628
31.8394090648996,43.8166659375304,55.2879926443282
