"","X1943","X10","X20.4"
"1",1943,11,20.6
"2",1943,12,23
"3",1944,1,26.6
"4",1944,2,26.2
"5",1944,3,24
"6",1944,4,21.9
"7",1944,5,18.4
"8",1944,6,15.6
"9",1944,7,15.9
"10",1944,8,16.4
"11",1944,9,19.8
"12",1944,10,23.1
"13",1944,11,25.6
"14",1944,12,26.1
"15",1945,1,24.6
"16",1945,2,24.9
"17",1945,3,24.7
"18",1945,4,22.2
"19",1945,5,18.9
"20",1945,6,16.9
"21",1945,7,15.4
"22",1945,8,18.5
"23",1945,9,19.8
"24",1945,10,21.6
"25",1945,11,24.7
"26",1945,12,24.7
"27",1946,1,27.5
"28",1946,2,26.1
"29",1946,3,24.1
"30",1946,4,20.4
"31",1946,5,19.7
"32",1946,6,16.3
"33",1946,7,18.3
"34",1946,8,19.4
"35",1946,9,19.8
"36",1946,10,20.5
"37",1946,11,23.6
"38",1946,12,25.4
"39",1947,1,25.1
"40",1947,2,25.2
"41",1947,3,24.6
"42",1947,4,21.6
"43",1947,5,20.8
"44",1947,6,18.2
"45",1947,7,17.1
"46",1947,8,17.7
"47",1947,9,20.2
"48",1947,10,22.1
"49",1947,11,21.4
"50",1947,12,24.6
"51",1948,1,23.1
"52",1948,2,26.3
"53",1948,3,23.7
"54",1948,4,21
"55",1948,5,19.7
"56",1948,6,16.6
"57",1948,7,16.2
"58",1948,8,19.2
"59",1948,9,20
"60",1948,10,23.6
"61",1948,11,21.5
"62",1948,12,24.4
"63",1949,1,23.9
"64",1949,2,26
"65",1949,3,23.2
"66",1949,4,21
"67",1949,5,19.3
"68",1949,6,15.5
"69",1949,7,17.4
"70",1949,8,18
"71",1949,9,19.1
"72",1949,10,24.4
"73",1949,11,23.3
"74",1949,12,24.9
"75",1950,1,25.8
"76",1950,2,24.4
"77",1950,3,24.6
"78",1950,4,22.2
"79",1950,5,19.1
"80",1950,6,16.8
"81",1950,7,16.6
"82",1950,8,17.6
"83",1950,9,21.7
"84",1950,10,21.3
"85",1950,11,22
"86",1950,12,24.8
"87",1951,1,23.9
"88",1951,2,25.4
"89",1951,3,25.8
"90",1951,4,21.9
"91",1951,5,20
"92",1951,6,17.3
"93",1951,7,17.1
"94",1951,8,17.4
"95",1951,9,21
"96",1951,10,22.4
"97",1951,11,24.1
"98",1951,12,24.8
"99",1952,1,26.7
"100",1952,2,24.7
"101",1952,3,25.2
"102",1952,4,22.3
"103",1952,5,18.8
"104",1952,6,18
"105",1952,7,16.4
"106",1952,8,17.5
"107",1952,9,20.7
"108",1952,10,21.5
"109",1952,11,22.7
"110",1952,12,23.6
"111",1953,1,24.1
"112",1953,2,24.2
"113",1953,3,24.4
"114",1953,4,24.2
"115",1953,5,20
"116",1953,6,17.2
"117",1953,7,17.2
"118",1953,8,17.8
"119",1953,9,20.2
"120",1953,10,20.6
"121",1953,11,24.3
"122",1953,12,26.4
"123",1954,1,24.3
"124",1954,2,26
"125",1954,3,25.3
"126",1954,4,23.8
"127",1954,5,19.2
"128",1954,6,17.4
"129",1954,7,17.1
"130",1954,8,18.6
"131",1954,9,18
"132",1954,10,21.6
"133",1954,11,24.4
"134",1954,12,24.2
"135",1955,1,25.8
"136",1955,2,25.5
"137",1955,3,25.3
"138",1955,4,22.7
"139",1955,5,19.2
"140",1955,6,16.6
"141",1955,7,16.4
"142",1955,8,18.9
"143",1955,9,20.1
"144",1955,10,22.9
"145",1955,11,24.3
"146",1955,12,23.6
"147",1956,1,25.1
"148",1956,2,25.3
"149",1956,3,24.9
"150",1956,4,23.9
"151",1956,5,19.4
"152",1956,6,17.1
"153",1956,7,16.6
"154",1956,8,17.5
"155",1956,9,18.1
"156",1956,10,21.4
"157",1956,11,23.8
"158",1956,12,26
"159",1957,1,24.1
"160",1957,2,24
"161",1957,3,24.1
"162",1957,4,23.5
"163",1957,5,21.1
"164",1957,6,20.3
"165",1957,7,15.7
"166",1957,8,17.3
"167",1957,9,19.6
"168",1957,10,22.4
"169",1957,11,26
"170",1957,12,27.4
"171",1958,1,24.6
"172",1958,2,26.3
"173",1958,3,26.3
"174",1958,4,23.1
"175",1958,5,22.7
"176",1958,6,17.8
"177",1958,7,16.9
"178",1958,8,18.5
"179",1958,9,18.5
"180",1958,10,22.7
"181",1958,11,25.2
"182",1958,12,24
"183",1959,1,25.5
"184",1959,2,26.2
"185",1959,3,25.3
"186",1959,4,23
"187",1959,5,19.4
"188",1959,6,17.8
"189",1959,7,17.3
"190",1959,8,18.5
"191",1959,9,19.9
"192",1959,10,20
"193",1959,11,23.9
"194",1959,12,25.2
"195",1960,1,28.3
"196",1960,2,25.5
"197",1960,3,24.5
"198",1960,4,23.7
"199",1960,5,19.1
"200",1960,6,16.2
"201",1960,7,17.5
"202",1960,8,17.5
"203",1960,9,19.5
"204",1960,10,22.2
"205",1960,11,22.7
"206",1960,12,22.8
"207",1961,1,25.5
"208",1961,2,25.7
"209",1961,3,25.6
"210",1961,4,22.7
"211",1961,5,19.4
"212",1961,6,17.6
"213",1961,7,16.7
"214",1961,8,17.1
"215",1961,9,19.7
"216",1961,10,23.3
"217",1961,11,23.1
"218",1961,12,24.7
"219",1962,1,25.1
"220",1962,2,26.4
"221",1962,3,25.3
"222",1962,4,22.5
"223",1962,5,19.2
"224",1962,6,19.1
"225",1962,7,17.7
"226",1962,8,17.7
"227",1962,9,20.5
"228",1962,10,21.9
"229",1962,11,24.1
"230",1962,12,23.6
"231",1963,1,25.9
"232",1963,2,26.7
"233",1963,3,24.6
"234",1963,4,23
"235",1963,5,20
"236",1963,6,17
"237",1963,7,16.5
"238",1963,8,17.1
"239",1963,9,20.3
"240",1963,10,21.3
"241",1963,11,22.2
"242",1963,12,25.5
"243",1964,1,27.6
"244",1964,2,25.7
"245",1964,3,25.1
"246",1964,4,22.5
"247",1964,5,20.1
"248",1964,6,18.1
"249",1964,7,17.7
"250",1964,8,18.9
"251",1964,9,21.2
"252",1964,10,21.4
"253",1964,11,24.2
"254",1964,12,25.4
"255",1965,1,23.2
"256",1965,2,25.6
"257",1965,3,26.2
"258",1965,4,22.1
"259",1965,5,21.3
"260",1965,6,18.5
"261",1965,7,16.8
"262",1965,8,18.6
"263",1965,9,21.8
"264",1965,10,22.7
"265",1965,11,23.8
"266",1965,12,24.3
"267",1966,1,25.4
"268",1966,2,25.3
"269",1966,3,24.6
"270",1966,4,23.3
"271",1966,5,20.1
"272",1966,6,17.9
"273",1966,7,16.6
"274",1966,8,17.3
"275",1966,9,19.3
"276",1966,10,20.7
"277",1966,11,24.6
"278",1966,12,24.5
"279",1967,1,26.7
"280",1967,2,24.9
"281",1967,3,24
"282",1967,4,23.1
"283",1967,5,20.1
"284",1967,6,17.8
"285",1967,7,17.2
"286",1967,8,17.4
"287",1967,9,19.6
"288",1967,10,21.5
"289",1967,11,24.2
"290",1967,12,24.2
"291",1968,1,25.6
"292",1968,2,26.9
"293",1968,3,26.7
"294",1968,4,25.3
"295",1968,5,19.8
"296",1968,6,16.9
"297",1968,7,16.2
"298",1968,8,18.8
"299",1968,9,20.5
"300",1968,10,24.2
"301",1968,11,26
"302",1968,12,23.7
"303",1969,1,27.4
"304",1969,2,25.5
"305",1969,3,25.3
"306",1969,4,24.4
"307",1969,5,19.7
"308",1969,6,17.4
"309",1969,7,18
"310",1969,8,19.1
"311",1969,9,18.3
"312",1969,10,20.8
"313",1969,11,22.9
"314",1969,12,26.3
"315",1970,1,26.3
"316",1970,2,26.3
"317",1970,3,24.7
"318",1970,4,23.6
"319",1970,5,18.5
"320",1970,6,18.1
"321",1970,7,18.1
"322",1970,8,17.9
"323",1970,9,18.6
"324",1970,10,23.5
"325",1970,11,22.3
"326",1970,12,25.8
"327",1971,1,25.2
"328",1971,2,26.4
"329",1971,3,25.2
"330",1971,4,23.4
"331",1971,5,20.1
"332",1971,6,17.1
"333",1971,7,15.9
"334",1971,8,18.3
"335",1971,9,20.5
"336",1971,10,24.2
"337",1971,11,22.2
"338",1971,12,24.4
"339",1972,1,24.5
"340",1972,2,25.7
"341",1972,3,24.1
"342",1972,4,22.5
"343",1972,5,19.1
"344",1972,6,17.6
"345",1972,7,17.5
"346",1972,8,18.8
"347",1972,9,21.5
"348",1972,10,20.9
"349",1972,11,23
"350",1972,12,27.2
"351",1973,1,26.7
"352",1973,2,26.3
"353",1973,3,25.3
"354",1973,4,24.3
"355",1973,5,21.6
"356",1973,6,17.3
"357",1973,7,18
"358",1973,8,18.1
"359",1973,9,21.6
"360",1973,10,22.5
"361",1973,11,24.5
"362",1973,12,25.9
"363",1974,1,25.5
"364",1974,2,25.6
"365",1974,3,25.2
"366",1974,4,23.4
"367",1974,5,20.2
"368",1974,6,17.4
"369",1974,7,17.5
"370",1974,8,17.6
"371",1974,9,19.4
"372",1974,10,20.9
"373",1974,11,22.1
"374",1974,12,25.3
"375",1975,1,26.2
"376",1975,2,25.9
"377",1975,3,25.5
"378",1975,4,22.1
"379",1975,5,21
"380",1975,6,17.7
"381",1975,7,19
"382",1975,8,18.2
"383",1975,9,20.7
"384",1975,10,22
"385",1975,11,25
"386",1975,12,26.2
"387",1976,1,25
"388",1976,2,26
"389",1976,3,25.2
"390",1976,4,23.2
"391",1976,5,21.3
"392",1976,6,18.4
"393",1976,7,17.4
"394",1976,8,18.3
"395",1976,9,19
"396",1976,10,20.7
"397",1976,11,23.3
"398",1976,12,27.7
"399",1977,1,27.2
"400",1977,2,26.2
"401",1977,3,26.2
"402",1977,4,24.2
"403",1977,5,20.2
"404",1977,6,17.1
"405",1977,7,16.9
"406",1977,8,19.6
"407",1977,9,18.8
"408",1977,10,24.2
"409",1977,11,24.4
"410",1977,12,27.1
"411",1978,1,26.2
"412",1978,2,28.4
"413",1978,3,25.7
"414",1978,4,22.9
"415",1978,5,20.7
"416",1978,6,16.7
"417",1978,7,16.6
"418",1978,8,17.1
"419",1978,9,18.9
"420",1978,10,21.5
"421",1978,11,22.8
"422",1978,12,23.9
"423",1979,1,26.9
"424",1979,2,27.2
"425",1979,3,24.9
"426",1979,4,22.9
"427",1979,5,18.9
"428",1979,6,18.4
"429",1979,7,17.5
"430",1979,8,18
"431",1979,9,19.9
"432",1979,10,22
"433",1979,11,24.1
"434",1979,12,27.9
"435",1980,1,26.9
"436",1980,2,26.9
"437",1980,3,26.3
"438",1980,4,23.8
"439",1980,5,20.7
"440",1980,6,17.9
"441",1980,7,16.7
"442",1980,8,20.2
"443",1980,9,23.3
"444",1980,10,22.4
"445",1980,11,25.1
"446",1980,12,26.3
"447",1981,1,26.3
"448",1981,2,26
"449",1981,3,25.3
"450",1981,4,24
"451",1981,5,20.1
"452",1981,6,17.2
"453",1981,7,17
"454",1981,8,17.6
"455",1981,9,22.1
"456",1981,10,22.6
"457",1981,11,22.1
"458",1981,12,25.4
"459",1982,1,26.4
"460",1982,2,26.7
"461",1982,3,24.7
"462",1982,4,23.2
"463",1982,5,21.5
"464",1982,6,16.7
"465",1982,7,15.8
"466",1982,8,20
"467",1982,9,20
"468",1982,10,21.3
"469",1982,11,24.8
"470",1982,12,25.2
"471",1983,1,26.6
"472",1983,2,27.7
"473",1983,3,26.6
"474",1983,4,21.1
"475",1983,5,20.5
"476",1983,6,16.9
"477",1983,7,16.7
"478",1983,8,18.1
"479",1983,9,21.8
"480",1983,10,21.3
"481",1983,11,23.7
"482",1983,12,25
"483",1984,1,25.6
"484",1984,2,26.8
"485",1984,3,24
"486",1984,4,22.8
"487",1984,5,19.9
"488",1984,6,18.3
"489",1984,7,16.1
"490",1984,8,18.9
"491",1984,9,19.7
"492",1984,10,22
"493",1984,11,24.6
"494",1984,12,25.3
"495",1985,1,26.8
"496",1985,2,24.4
"497",1985,3,25.6
"498",1985,4,22.5
"499",1985,5,19.9
"500",1985,6,17.7
"501",1985,7,17
"502",1985,8,17.7
"503",1985,9,19.7
"504",1985,10,21.6
"505",1985,11,23.5
"506",1985,12,27.4
"507",1986,1,25.9
"508",1986,2,26.2
"509",1986,3,25.5
"510",1986,4,24.8
"511",1986,5,20.8
"512",1986,6,18
"513",1986,7,17.3
"514",1986,8,17.9
"515",1986,9,20.9
"516",1986,10,22.4
"517",1986,11,21.8
"518",1986,12,24.7
"519",1987,1,27
"520",1987,2,26.9
"521",1987,3,24.2
"522",1987,4,22.9
"523",1987,5,20.5
"524",1987,6,18.2
"525",1987,7,16.9
"526",1987,8,18.7
"527",1987,9,21.4
"528",1987,10,21.4
"529",1987,11,24.6
"530",1987,12,24.3
"531",1988,1,26.8
"532",1988,2,25.7
"533",1988,3,25
"534",1988,4,22.5
"535",1988,5,20.9
"536",1988,6,18.5
"537",1988,7,18.7
"538",1988,8,19.3
"539",1988,9,21.8
"540",1988,10,26.2
"541",1988,11,23.4
"542",1988,12,25.4
"543",1989,1,25.4
"544",1989,2,26.3
"545",1989,3,25.2
"546",1989,4,23.1
"547",1989,5,20.5
"548",1989,6,16.7
"549",1989,7,16.3
"550",1989,8,17.3
"551",1989,9,20.9
"552",1989,10,24.2
"553",1989,11,23.6
"554",1989,12,25.3
"555",1990,1,25.5
"556",1990,2,25.4
"557",1990,3,25.3
"558",1990,4,23.1
"559",1990,5,21.3
"560",1990,6,17.4
"561",1990,7,17.3
"562",1990,8,17.5
"563",1990,9,19.4
"564",1990,10,21.9
"565",1990,11,24.5
"566",1990,12,28.6
"567",1991,1,29.1
"568",1991,2,28.2
"569",1991,3,25.6
"570",1991,4,23.1
"571",1991,5,20
"572",1991,6,19.5
"573",1991,7,17
"574",1991,8,18.8
"575",1991,9,21.5
"576",1991,10,23.7
"577",1991,11,23.4
"578",1991,12,24.2
"579",1992,1,25.3
"580",1992,2,25
"581",1992,3,25.4
